term	estimate	std.error	statistic	df	p.value
(Intercept)	-4,1145592167	0,5467902869	-7,5249310661	1017083,1956002200	0,0000000000
N_vooraf_sga1	0,1999579561	0,0796222795	2,5113317196	1088775,9072350900	0,0120278051
N_vooraf_sga2	0,2592363877	0,1300169043	1,9938667901	692291,2363458870	0,0461670057
N_vooraf_sga3	0,0999326257	0,2726142520	0,3665715383	1025952,5277807500	0,7139387172
N_vooraf_sga4	0,5598886340	0,4602720381	1,2164298234	1074735,5217869300	0,2238214960
N_vooraf_sga5+	-9,2707334024	55,5602680470	-0,1668590475	1088775,9072350900	0,8674809877
N_vooraf_sganvt	-0,3791546675	0,1516835963	-2,4996418639	799072,8392625530	0,0124320902
vooraf_sganee	-0,3472065388	0,0857178599	-4,0505740467	1066875,6020108300	0,0000510957
vooraf_sganvt	NA	NA	NA	NA	NA
geslmannelijk	0,1575476427	0,0216382664	7,2809734217	1088775,9072350900	0,0000000000
lft_concep	0,0352419498	0,0030045689	11,7294530974	18264,3461396573	0,0000000000
COROP2020_mo02	0,7515876003	0,2044546399	3,6760603745	881,7388328158	0,0002511793
COROP2020_mo03	0,0632972959	0,1427203635	0,4435057081	2778,7776383229	0,6574345196
COROP2020_mo04	-0,0229423666	0,1490467159	-0,1539273538	2173,4852772311	0,8776813061
COROP2020_mo05	-0,0914510308	0,1773632027	-0,5156144530	108662,1637653330	0,6061247628
COROP2020_mo06	0,0460145349	0,1670863792	0,2753936920	189,2433460345	0,7833142503
COROP2020_mo07	0,2068797824	0,1718775563	1,2036462869	150,3779545686	0,2306176553
COROP2020_mo08	0,2394408586	0,1613763008	1,4837423925	1258,0878594730	0,1381277480
COROP2020_mo09	0,1054832615	0,1762040851	0,5986425422	2101,8418690607	0,5494757882
COROP2020_mo10	0,1487374994	0,1414673857	1,0513907400	2355,1318733697	0,2931870322
COROP2020_mo11	0,1220053358	0,1753218139	0,6958936431	366,8504131632	0,4869360594
COROP2020_mo12	0,0267136273	0,1380996980	0,1934372610	915,3848236701	0,8466594489
COROP2020_mo13	0,0853581101	0,1360639771	0,6273380497	1373,9799041438	0,5305419010
COROP2020_mo14	0,0331600821	0,1469670515	0,2256293623	2636,9947442005	0,8215071865
COROP2020_mo15	-0,0412354699	0,1369525717	-0,3010930674	1779,8377645940	0,7633786971
COROP2020_mo16	0,2096125876	0,1541723039	1,3595995020	1880,8828505656	0,1741196592
COROP2020_mo17	-0,0700051682	0,1303373001	-0,5371077055	4386,7244162336	0,5912204594
COROP2020_mo18	-0,3039813690	0,1501452758	-2,0245816420	2538,6302238187	0,0430148406
COROP2020_mo19	-0,2364798256	0,1660477830	-1,4241673174	811,2508246283	0,1547825678
COROP2020_mo20	-0,0826738138	0,1645182299	-0,5025206864	9482,6644170431	0,6153129742
COROP2020_mo21	0,0613671622	0,1569467631	0,3910062303	1880,2728557458	0,6958369300
COROP2020_mo22	0,1581043235	0,1585393105	0,9972562834	22210,1565810367	0,3186509921
COROP2020_mo23	-0,1112619554	0,1313687977	-0,8469435461	3538,4268995641	0,3970838664
COROP2020_mo24	-0,1873136864	0,1611877077	-1,1620841884	20612,0141968039	0,2452147248
COROP2020_mo25	-0,2182925484	0,1487090608	-1,4679169328	1245,6315291779	0,1423792417
COROP2020_mo26	0,0049273286	0,1351186298	0,0364666859	1133,4914111552	0,9709166628
COROP2020_mo27	0,0184287668	0,1588611257	0,1160055154	1383,3645121649	0,9076650077
COROP2020_mo28	-0,0641861292	0,1486808270	-0,4317041441	3414,1127094002	0,6659837148
COROP2020_mo29	-0,0748618160	0,1298017914	-0,5767394668	2764,0536366025	0,5641624312
COROP2020_mo30	-0,0256879819	0,1462955018	-0,1755896906	601,5615723434	0,8606753902
COROP2020_mo31	-1,3207420122	0,4656043919	-2,8366184582	132553,0223295280	0,0045600972
COROP2020_mo32	-0,3830490679	0,1653054052	-2,3172204653	349,2118116937	0,0210695099
COROP2020_mo33	0,0996030650	0,1385779125	0,7187513740	1032,5466194277	0,4724567383
COROP2020_mo34	0,0464834187	0,1390440029	0,3343072535	129810,9233403850	0,7381482576
COROP2020_mo35	-0,0453523940	0,1359330176	-0,3336378078	13155,3366941069	0,7386582025
COROP2020_mo36	0,0475923615	0,1360994922	0,3496880171	788,0215885873	0,7266662795
COROP2020_mo37	-0,2173482397	0,1579653608	-1,3759234218	11496,4003396737	0,1688721459
COROP2020_mo38	0,1060688206	0,1547291122	0,6855130176	161722,2750474700	0,4930212316
COROP2020_mo39	0,0080213124	0,1387437891	0,0578138485	6565,1794455820	0,9538986666
COROP2020_mo40	-0,0277179743	0,1387794025	-0,1997268601	2509,2115491329	0,8417103896
STED_mo2	0,0195249852	0,0318602163	0,6128327894	1470,4207120089	0,5400816747
STED_mo3	-0,0163816242	0,0382388186	-0,4284029892	1635,1851651752	0,6684141714
STED_mo4	-0,0087210405	0,0408571327	-0,2134520944	1547,2655745265	0,8310024724
STED_mo5	-0,0069984469	0,0444817193	-0,1573331031	1165,3303113739	0,8750095878
educationlevel_movmbo_hg	0,0577136524	0,0588733231	0,9803022717	210,8705727120	0,3280602822
educationlevel_mombo2	0,0974239711	0,0626628680	1,5547320784	1826,3406415187	0,1201831509
educationlevel_mombo3_4	-0,0305852207	0,0585521289	-0,5223588153	109,8212911454	0,6024726393
educationlevel_mohavovwo_hg	-0,1579151582	0,0730921322	-2,1604946186	127,7432638478	0,0326007441
educationlevel_mohbo_wo	-0,2370767370	0,0615308356	-3,8529744450	111,0184764240	0,0001957593
educationlevel_favmbo_hg	0,0164809329	0,0532171353	0,3096922233	12111,1374312513	0,7568003452
educationlevel_fambo2	-0,0018827502	0,0658116988	-0,0286081380	29,9466356941	0,9773669260
educationlevel_fambo3_4	0,0070682088	0,0583978719	0,1210353829	32,7461381134	0,9044026614
educationlevel_fahavovwo_hg	-0,1051043674	0,0875156387	-1,2009781216	8,3695459507	0,2626429619
educationlevel_fahbo_wo	-0,1033069690	0,0611667213	-1,6889407637	29,8799379161	0,1016416108
house_ownership_moHuurwoning met huurtoeslag	0,1372757051	0,0448023883	3,0640265017	151,5176842535	0,0025855754
house_ownership_moHuurwoning zonder huurtoslag	0,0276378358	0,0289774829	0,9537693762	1031,1609796411	0,3404239164
plhh_partner_childalleenstd_znd_kind	0,0685804228	0,0661316392	1,0370289263	118,5043149625	0,3018338159
plhh_partner_childpartner_znd_kind	0,1938932933	0,0598851287	3,2377536401	45,0508480113	0,0022635381
plhh_partner_childpartner_met_kind	-0,0903993595	0,0912620479	-0,9905471294	884,0620669627	0,3221777929
plhh_partner_childalleenstd_met_kind	0,0093695418	0,0999551347	0,0937374732	1713,1048861922	0,9253286634
plhh_partner_childoverig	-0,1492928392	0,1061934663	-1,4058571058	995727,8320150210	0,1597668727
age_at_concp_fa_cat16 - 21	-0,0454746138	0,5126407056	-0,0887065996	1088775,9072350900	0,9293151038
age_at_concp_fa_cat21 - 26	-0,2140513247	0,5088545950	-0,4206532215	1082779,4264395500	0,6740084078
age_at_concp_fa_cat26 - 31	-0,1744507811	0,5088568287	-0,3428288100	1069737,0871431100	0,7317273181
age_at_concp_fa_cat31 - 36	-0,2186075943	0,5093136220	-0,4292200029	1078615,2479040800	0,6677632131
age_at_concp_fa_cat36 - 41	-0,1583653383	0,5100674717	-0,3104791956	1086613,1283979100	0,7561966374
age_at_concp_fa_cat41 - 46	-0,1328704461	0,5115171826	-0,2597575422	1086376,4139663000	0,7950508526
age_at_concp_fa_cat46 - 51	-0,1944809884	0,5162296477	-0,3767334738	1088775,9072350900	0,7063717575
age_at_concp_fa_cat51 - 56	-0,1159196460	0,5310140691	-0,2182986342	1073889,0527173100	0,8271964800
age_at_concp_fa_cat56 - 61	-0,3072927480	0,5942511077	-0,5171092557	1069819,0110060600	0,6050799998
age_at_concp_fa_cat61 - 66	0,1873891013	0,6854721893	0,2733722888	944367,8629808500	0,7845671119
age_at_concp_fa_cat66 - 71	-0,4584150396	1,1373710720	-0,4030479154	1088775,9072350900	0,6869130548
age_at_concp_fa_cat71+	1,1172731943	0,9104099718	1,2272198558	1039555,7761830400	0,2197402464
age_at_concp_fa_catvader_NA	0,2722442809	0,5092032884	0,5346475310	1088775,9072350900	0,5928937189
interpreg_cat12-18 months	-0,3758159349	0,0924802048	-4,0637446214	936488,0038387030	0,0000482956
interpreg_cat>30 months	-0,1280247462	0,0812672930	-1,5753538907	1086639,3357910000	0,1151750723
interpreg_cat6-12 months	-0,3345533674	0,0949672669	-3,5228282157	1083835,9261611500	0,0004269856
interpreg_cat24-30 months	-0,2005649798	0,0945931417	-2,1202909248	1086892,2616402800	0,0339817444
interpreg_cat18-24 months	-0,3279852678	0,0928174362	-3,5336600661	1052860,8248899200	0,0004098654
interpreg_cat<6 months	NA	NA	NA	NA	NA
amddd1ond_cat0-70 dagen	-1,5016183554	0,0237213836	-63,3023090121	137967,2679138340	0,0000000000
amddd1ond_cat71 - 112 dagen	-1,2953559889	0,0354448457	-36,5456800341	20457,4986507190	0,0000000000
grav_cat10+	0,5455532018	0,1623483805	3,3603858562	893065,3724195200	0,0007783694
grav_cat2	-0,0176364725	0,0341360772	-0,5166519975	1079723,7284147300	0,6053992166
grav_cat3	0,0816989630	0,0447825949	1,8243463361	1071714,5991422900	0,0681000077
grav_cat4	0,1808411855	0,0552794539	3,2713996366	1088775,9072350900	0,0010701989
grav_cat5	0,1978805192	0,0700240932	2,8258919214	1088775,9072350900	0,0047150028
grav_cat6	0,2629350063	0,0890432221	2,9528918659	1087282,7335070900	0,0031481895
grav_cat7	0,5533494666	0,1048820425	5,2759219158	1005806,9040090800	0,0000001321
grav_cat8	0,5141661786	0,1398975422	3,6753053024	1050761,9916531800	0,0002375770
grav_cat9	0,1613426899	0,2247657366	0,7178260010	1088775,9072350900	0,4728647333
N_vroeg_24_371	0,8559992881	0,0904920200	9,4593897684	1088084,4540887800	0,0000000000
N_vroeg_24_372	1,5631060332	0,1326582140	11,7829570164	1064594,0936009000	0,0000000000
N_vroeg_24_373	2,0040714463	0,3188964075	6,2843964352	408254,5654399650	0,0000000003
N_vroeg_24_373+	1,8549964202	0,3283409911	5,6496035228	496605,7484938670	0,0000000161
N_vroeg_24_37nvt	NA	NA	NA	NA	NA
vooraf_zw_vroeg_24_37nee	-0,7768563251	0,0944764767	-8,2227486886	1056707,9634167900	0,0000000000
vooraf_zw_vroeg_24_37nvt	NA	NA	NA	NA	NA
income_hh_mo_cathoog	0,0420136575	0,0530866272	0,7914169663	1895,4061974771	0,4287997362
income_hh_mo_catlaag	0,1140906476	0,0456443428	2,4995572410	111,6667589251	0,0138887816
income_hh_mo_catmidden	0,0813897782	0,0469589817	1,7332100316	3546,2379783160	0,0831452698